0100100100000000000010000000000000010000000000000000001000000000
1010001000000100000000100000000000000000000100000000000000000000
0101010010000000000000000000000000000000000000000010000000000001
0010100100100000000000000000000000000100000000000000000000000100
1001010000000000001000000001000000000000000000000000000010000000
0010101000000000100000000000000000000001000000000000000000100000
0100010100000001000000001000000000000000010000000000000000000000
1001001001000000000000000000001000000000000000001000000000000000
0010000001001001000100000000100000000000000000000000000000000000
0000000110100010000000000000000001000000000000000000000000001000
0001000001010100010000000000000000000000000001000000000000000000
0000000000101001000000000000000000001000000000000100000000000010
0000000010010100000000000100000000000000000010000000000100000000
0100000000101010000000000000100000000000000000000000000000100000
0000000001000101000001000000000000000100000000000000001000000000
0000001010010010000000000000000010000000000000000000000000010000
0000010000000000010010010000000000100000000000000100000000000000
0000000000100000101000100000000000000010010000000000000000000000
0000100000000000010101000000000000001000000000001000000000000000
0000000010000000001010010010000000000000100000000000000000000000
1000000000000000100101000000000000000000001000000000000000001000
0000000000000010001010100000000100000000000000010000000000000000
0100000000000000010001010100000000000000000000000000010000000000
0000000000000000100100100000010000000000000000000000100000000100
0000001000000000000000000100100100000000000001000010000000000000
0000000000001000000000101010001000000000000000000000000010000000
0000000000000000000100000101010000010000000000100000000000000000
0000100000000000000000000010100100000000000100000000000100000000
0000000010000100000000001001010000001000000000000000000000000000
0000000000000000000000010010101000000100000000000000000001000000
0000000100000000000000000100010100000000001000000100000000000000
0000000000000000000001001001001010000000000000000000000000000001
0000000000000001000000000000000101001001000000000000100000000000
0000000001000000000000000000000010100010001000000000000000000010
0000000000000000100000000000000001010100000010000001000000000000
1000000000000000000000000010000000101001000000000000000000010000
0000000000010000001000000000100010010100000000000000000000000000
0001000000000010000000000000010000101010000000000000000000000000
0000000000000000010000000000000001000101000000000000000110000000
0000010000000000000000000000000010010010000100000000010000000000
0000000000000000000100000000000000000000010010110001000000000000
0000001000000000010000000000000000000000101000100000000001000000
0000000000000000000010000000001001000000010101000000000000000000
0100000000000000000000000001000000000001001010010000000000000000
0000000000001000000000000000000000100000100101000000000000000100
0000000000100000000000001000000000000000001010100000100000000000
0000000000000000000000000010000000000000110001010000000000000010
0000000000000000000001000000000000000000100100100010000000010000
0000000100000000001000000000000000000000000000000100100100000001
0000000000010000100000000000001000000000000000001010001000000000
0010000000000000000000001000000000000000000000010101010000000000
0000000000000000000000000000000000100000100000000010100100100000
0000000000000000000000010000000010000000000001001001010000000000
0000000000000000000000100000000000000001000000000010101000001000
1000000000000010000000000000000000000000000000000100010101000000
0000000000001000000000000001000000000010000000001001001000000000
0000100000000000000000000100000000000010000000000000000001001001
0000000000000000000000000000010000000000010000000000001010100010
0000010000000100000000000000000000000000000000000001000001010100
0000000000000001000000000000000000010000000000010000000000101001
0000000001000000000010000000000000000000000000000000010010010100
0001000000000000000000010000000000000000000010000000000000101010
0000000000010000000000000000000001000000000000100000000001000101
0010000000000000000000000000000100000000000000001000000010010010
Diameter: 4
Average: 2.38145
