0101000000000101000000000000000000000010000000000000000000100000
1010010001000000000000000001000000000000000000000100000000000000
0101000100001000010000000000000000000000000010000000000000000000
1010100000100000000000000000000010000000000000001000000000000000
0001010010000010000100000000000000000000000000000000000000001000
0100101000010000000000000000000000010000000000000000000000000001
0000010100100100001000000000000000000000000000000000000000000010
0010001010000001000000001000000000000001000000000000000000000000
0000100101001000000000000000010000000000000001000000000000000000
0100000010100010000000000000000000100000000000000000000000010000
0001001001010000000000000000000100000000000000000010000000000000
0000010000101001000000100000000000000100000000000000000000000000
0010000010010100000010000000000000000000000000000000000010000000
1000001000001010000000000100000000000000010000000000000000000000
0000100001000101000000000000000100001000000000000000000000000000
1000000100010010000001000000000000000000000000000000000100000000
0000000000000000010100000000010100000010000000000000000010000000
0010000000000000101001000100000001000000000000000000000000000000
0000001000000000010100010000100000000000100000000000000000000000
0000100000000000101010000010000000000000000000000000010000000000
0000000000001000000101001000001000000000000100000000000000000000
0000000000000001010010100001000000000000000000001000000000000000
0000000000010000000001010010010000000000000000100000000000000000
0000000000000000001000101000000100000000000000010000100000000000
0000000100000000000010010100100000000000000000000000001000000000
0000000000000100010000001010001000000000000000000000000001000000
0000000000000000000100100101000000000000000100000001000000000000
0100000000000000000001000010100100000000001000000000000000000000
0000000000000000001000001001010000000000000010000010000000000000
0000000010000000100000100000101000000000000000000000000000000100
0000000000000000000010000100010110000000000000000000000000010000
0000000000100010100000010001001000000000000000000000000000000000
0001000000000000000000000000001001010000000001010000000000000000
0000000000000000010000000000000010100100010000000000010000000000
0000000001000000000000000000000001010001000010000001000000000000
0000010000000000000000000000000010101000001000000000000001000000
0000000000000010000000000000000000010100100000100000100000000000
0000000000010000000000000000000001001010000100000000001000000000
1000000000000000100000000000000000000101001001000000000000000000
0000000100000000000000000000000000100010100000010000000000000001
0000000000000000001000000000000000001001010010000000000000001000
0000000000000100000000000000000001000000101000100000000000000100
0000000000000000000000000001000000010010010100000000000000000010
0000000000000000000010000010000000000100001010010000000000000000
0010000000000000000000000000100000100000100101000000000000000000
0000000010000000000000000000000010000010000010100000000100000000
0000000000000000000000100000000000001000010001010100000000000000
0000000000000000000000010000000010000001000100100000000000100000
0001000000000000000001000000000000000000000000000101000000000101
0100000000000000000000000000000000000000000000101010010001000000
0000000000100000000000000000100000000000000000000101000100001000
0000000000000000000000000010000000100000000000001010100000100000
0000000000000000000000010000000000001000000000000001010010000010
0000000000000000000100000000000001000000000000000100101000010000
0000000000000000000000001000000000000100000000000000010100100100
0000000000000001000000000000000000000000000001000010001010000001
0000000000001000100000000000000000000000000000000000100101001000
0000000000000000000000000100000000010000000000000100000010100010
1000000000000000000000000000000000000000000000010001001001010000
0000000001000000000000000000001000000000000000000000010000101001
0000100000000000000000000000000000000000100000000010000010010100
0000000000000000000000000000010000000000010000001000001000001010
0000001000000000000000000000000000000000001000000000100001000101
0000010000000000000000000000000000000001000000001000000100010010
